[MAIN]
AccFrames=1
AccType=
Company=
Date=2019-06-28
Device=
FullUserName=Final assembly
ImageStripSize=240
Magnification=4895.27558976
PixelSizeX=0.000000056070217
PixelSizeY=0.000000056070217
SerialNumber=119-0071
SoftwareVersion=TESCAN Essence Version 0.9.9.0, build 2481
Time=09:48:23
UserName=*5
ViewFieldsCountX=1
ViewFieldsCountY=1

[SEM]
AcceleratorVoltage=30000.0
ApertureOptimization=1.00
BeamCurrent=0.000000000300
ChamberPressure=0.00134948
CrossFree=0
Detector=BSE Q3
Detector0=BSE Q3
Detector0Gain=45.313
Detector0Offset=63.437
DwellTime=0.00010000
EmissionCurrent=0.000131411995881
Gun=Schottky
GunShiftX=0.00000000
GunShiftY=0.00000000
GunTiltX=2.04495903
GunTiltY=-16.90711351
HV=30000.0
IMLCenteringX=11.14115391
IMLCenteringY=-11.40722094
ImageShiftX=0.00000000
ImageShiftY=0.00000000
LUTGamma=1.00000000
LUTMaximum=1.00000000
LUTMinimum=0.00000000
MTDGrid=4000.0
MTDScintillator=8000.0
OBJCenteringX=-1.05108759
OBJCenteringY=39.15532529
OBJPreCenteringX=-4.51654333
OBJPreCenteringY=1.98832713
PredictedBeamCurrent=0.000000000300
PrimaryDetectorGain=45.313
PrimaryDetectorOffset=63.437
SampleVoltage=0.0
ScanMode=ANALYSIS
ScanRotation=0.00000000
ScanSpeed=7.00000000
SpecimenCurrent=-0.000000000226
SpotSize=0.0000000025
StageRotation=30.00100000
StageTilt=0.00000000
StageX=-0.0057616780
StageY=0.0085659260
StageZ=0.0098120000
StigmatorX=0.36000000
StigmatorY=-2.67000000
TiltCorrection=0.00000000
TubeVoltage=0.0
WD=0.009963056700000

