[MAIN]
AccFrames=1
AccType=
Company=
Date=2019-03-25
Description=
Device=S9102
FullUserName=Application developer
ImageStripSize=240
Magnification=66619.26984080
PixelSizeX=0.000000004151389
PixelSizeY=0.000000004151389
SerialNumber=Demo
Sign=
SoftwareVersion=TESCAN Essence Version 0.9.8.0, build 2296
Time=12:54:02
UserName=*4
ViewFieldsCountX=1
ViewFieldsCountY=1

[SEM]
AcceleratorVoltage=10000.0
BeamCurrent=0.000000000999
ChamberPressure=0.00050096
CrossFree=0
Detector=BSE Q1
Detector0=BSE Q1
Detector0Gain=57.813
Detector0Offset=49.844
DwellTime=0.00003200
EmissionCurrent=0.000063333336300
Gun=Schottky
GunShiftX=0.00000000
GunShiftY=0.00000000
GunTiltX=0.50000000
GunTiltY=-19.90000000
HV=10000.0
IMLCenteringX=9.86253683
IMLCenteringY=2.56989207
ImageShiftX=0.00000000
ImageShiftY=0.00000000
InBeamExtractor=227.2
InBeamFBSEScintillator=4000.0
InBeamScintillator=10000.0
LUTGamma=1.00000000
LUTMaximum=1.00000000
LUTMinimum=0.00000000
OBJCenteringX=-17.45296092
OBJCenteringY=8.85596660
OBJPreCenteringX=5.59792251
OBJPreCenteringY=-1.83977424
PredictedBeamCurrent=0.000000000999
PrimaryDetectorGain=57.813
PrimaryDetectorOffset=49.844
SampleVoltage=0.0
ScanMode=UH-RESOLUTION
ScanRotation=0.00000000
ScanSpeed=6.00000000
SpecimenCurrent=-0.000000000443
SpotSize=0.0000000046
StageRotation=150.00000000
StageTilt=0.00000000
StageX=-0.0019141200
StageY=0.0121419700
StageZ=0.0099771300
StigmatorX=0.23882769
StigmatorY=0.66034091
TiltCorrection=0.00000000
TubeVoltage=0.0
WD=0.010071765000000

