[MAIN]
AccFrames=1
AccType=
Date=2018-12-04
Description=
Device=S8121
FullUserName=Application developer
ImageStripSize=180
Magnification=2832.02365616
PixelSizeX=0.000000097655434
PixelSizeY=0.000000097655434
SerialNumber=117-0048
Sign=
SoftwareVersion=TESCAN Essence Version 0.9.6.0, build 2126
Time=12:25:09
UserName=*4
ViewFieldsCountX=1
ViewFieldsCountY=1

[SEM]
AcceleratorVoltage=10000.0
BeamCurrent=0.000000001000
ChamberPressure=0.00338549
CrossFree=0
Detector=BSE Q3
Detector0=BSE Q3
Detector0Gain=50.000
Detector0Offset=52.188
DwellTime=0.00003200
EmissionCurrent=0.000211588994716
Gun=Schottky
GunShiftX=0.00000000
GunShiftY=0.00000000
GunTiltX=23.02199999
GunTiltY=-0.11200000
HV=10000.0
IMLCenteringX=12.72220386
IMLCenteringY=-8.91095044
ImageShiftX=0.00000000
ImageShiftY=0.00000000
LUTGamma=1.00000000
LUTMaximum=1.00000000
LUTMinimum=0.00000000
MTDScintillator=12000.0
OBJCenteringX=0.56392911
OBJCenteringY=8.73891829
OBJPreCenteringX=-2.36097051
OBJPreCenteringY=-2.82783434
PotentialMode=BrightBeam
PredictedBeamCurrent=0.000000001000
PrimaryDetectorGain=50.000
PrimaryDetectorOffset=52.188
SampleVoltage=0.0
ScanMode=UH-RESOLUTION
ScanRotation=0.00000000
ScanSpeed=6.00000000
SpecimenCurrent=-0.000000000374
SpotSize=0.0000000041
StageRotation=291.20900000
StageTilt=-0.00100000
StageX=-0.0030370390
StageY=-0.0137002400
StageZ=0.0110696700
StigmatorX=-5.61052513
StigmatorY=2.14192719
TiltCorrection=0.00000000
TubeVoltage=8000.0
WD=0.008952995194735

