[MAIN]
AccFrames=1
AccType=
Company=
Date=2019-05-10
Description=
Device=S9152
FullUserName=Application developer
ImageStripSize=360
Magnification=3386.63563927
PixelSizeX=0.000000081662904
PixelSizeY=0.000000081662904
SerialNumber=117-0086
Sign=
SoftwareVersion=TESCAN Essence Version 0.9.8.0, build 2382
Time=14:37:00
UserName=*4
ViewFieldsCountX=1
ViewFieldsCountY=1

[SEM]
AcceleratorVoltage=10000.0
ApertureOptimization=1.00
BeamCurrent=0.000000001000
ChamberPressure=0.00027944
CrossFree=0
Detector=BSE Q4
Detector0=BSE Q4
Detector0Gain=62.500
Detector0Offset=35.000
DwellTime=0.00003200
EmissionCurrent=0.000048736001446
Gun=Schottky
GunShiftX=0.00000000
GunShiftY=0.00000000
GunTiltX=0.50000000
GunTiltY=-19.90000000
HV=10000.0
IMLCenteringX=9.86253683
IMLCenteringY=2.56989207
ImageShiftX=0.00000000
ImageShiftY=-0.00000000
InBeamExtractor=227.2
InBeamFBSEGrid=0.0
InBeamFBSEScintillator=0.0
InBeamScintillator=10000.0
LUTGamma=1.00000000
LUTMaximum=1.00000000
LUTMinimum=0.00000000
OBJCenteringX=-25.34110646
OBJCenteringY=-13.27173698
OBJPreCenteringX=5.59792251
OBJPreCenteringY=-1.83977424
PredictedBeamCurrent=0.000000001000
PrimaryDetectorGain=62.500
PrimaryDetectorOffset=35.000
SampleVoltage=0.0
ScanMode=ANALYSIS
ScanRotation=15.00000000
ScanSpeed=6.00000000
SpecimenCurrent=-0.000000000319
SpotSize=0.0000000134
StageRotation=90.00000000
StageTilt=0.00000000
StageX=0.0027280760
StageY=0.0150570860
StageZ=0.0092791400
StigmatorX=-0.21492755
StigmatorY=0.29401923
TiltCorrection=0.00000000
TubeVoltage=0.0
WD=0.009176823704013

