[MAIN]
AccFrames=1
AccType=
Company=
Date=2019-03-25
Description=
Device=S9152
FullUserName=Application developer
ImageStripSize=240
Magnification=665.21641233
PixelSizeX=0.000000415748161
PixelSizeY=0.000000415748161
SerialNumber=117-0086
Sign=
SoftwareVersion=TESCAN Essence Version 0.9.8.0, build 2296
Time=11:48:50
UserName=*4
ViewFieldsCountX=1
ViewFieldsCountY=1

[SEM]
AcceleratorVoltage=10000.0
BeamCurrent=0.000000001000
ChamberPressure=0.00021752
CrossFree=0
Detector=4Q-BSE Color
Detector0=4Q-BSE Color
Detector0Gain=56.250
Detector0Offset=53.594
DwellTime=0.00010000
EmissionCurrent=0.000126842001691
Gun=Schottky
GunShiftX=0.00000000
GunShiftY=0.00000000
GunTiltX=0.50000000
GunTiltY=-19.90000000
HV=10000.0
IMLCenteringX=11.14128396
IMLCenteringY=4.20202370
ImageShiftX=0.00000000
ImageShiftY=-0.00000000
InBeamExtractor=227.2
InBeamFBSEScintillator=4000.0
InBeamScintillator=10000.0
LUTGamma=1.00000000
LUTMaximum=1.00000000
LUTMinimum=0.00000000
OBJCenteringX=0.00000000
OBJCenteringY=0.00000000
OBJPreCenteringX=5.59792251
OBJPreCenteringY=-1.83977424
PredictedBeamCurrent=0.000000001000
PrimaryDetectorGain=56.250
PrimaryDetectorOffset=53.594
SampleVoltage=0.0
ScanMode=OVERVIEW
ScanRotation=0.00000000
ScanSpeed=7.00000000
SpecimenCurrent=-0.000000000362
SpotSize=0.0000000464
StageRotation=210.00000000
StageTilt=0.00000000
StageX=-0.0006302720
StageY=0.0131803290
StageZ=0.0099771300
StigmatorX=-0.10615933
StigmatorY=0.46168800
TiltCorrection=0.00000000
TubeVoltage=0.0
WD=0.010684085193543

