[MAIN]
AccFrames=1
AccType=
Company=
Date=2019-03-25
Description=
Device=S9102
FullUserName=Application developer
ImageStripSize=240
Magnification=426.67908235
PixelSizeX=0.000000648174498
PixelSizeY=0.000000648174498
SerialNumber=Demo
Sign=
SoftwareVersion=TESCAN Essence Version 0.9.8.0, build 2296
Time=12:24:08
UserName=*4
ViewFieldsCountX=1
ViewFieldsCountY=1

[SEM]
AcceleratorVoltage=10000.0
BeamCurrent=0.000000000100
ChamberPressure=0.00050314
CrossFree=0
Detector=BSE Q1
Detector0=BSE Q1
Detector0Gain=78.125
Detector0Offset=54.531
DwellTime=0.00003200
EmissionCurrent=0.000063333336300
Gun=Schottky
GunShiftX=0.00000000
GunShiftY=0.00000000
GunTiltX=0.50000000
GunTiltY=-19.90000000
HV=10000.0
IMLCenteringX=11.14128396
IMLCenteringY=4.20202370
ImageShiftX=0.00000000
ImageShiftY=-0.00000000
InBeamExtractor=227.2
InBeamFBSEScintillator=4000.0
InBeamScintillator=10000.0
LUTGamma=1.00000000
LUTMaximum=1.00000000
LUTMinimum=0.00000000
OBJCenteringX=0.00000000
OBJCenteringY=0.00000000
OBJPreCenteringX=5.59792251
OBJPreCenteringY=-1.83977424
PredictedBeamCurrent=0.000000000100
PrimaryDetectorGain=78.125
PrimaryDetectorOffset=54.531
SampleVoltage=0.0
ScanMode=OVERVIEW
ScanRotation=10.00000000
ScanSpeed=6.00000000
SpecimenCurrent=-0.000000000051
SpotSize=0.0000000563
StageRotation=210.00000000
StageTilt=0.00000000
StageX=0.0024898110
StageY=0.0147974260
StageZ=0.0099771300
StigmatorX=-0.10615933
StigmatorY=0.46168800
TiltCorrection=0.00000000
TubeVoltage=0.0
WD=0.010543857345685

