[MAIN]
AccFrames=1
AccType=
Date=2018-12-04
Description=
Device=S8121
FullUserName=Application developer
ImageStripSize=180
Magnification=9185.33625048
PixelSizeX=0.000000030109132
PixelSizeY=0.000000030109132
SerialNumber=117-0048
Sign=
SoftwareVersion=TESCAN Essence Version 0.9.6.0, build 2126
Time=10:46:48
UserName=*4
ViewFieldsCountX=1
ViewFieldsCountY=1

[SEM]
AcceleratorVoltage=10000.0
BeamCurrent=0.000000000093
ChamberPressure=0.00035180
CrossFree=0
Detector=BSE Q4
Detector0=BSE Q4
Detector0Gain=83.594
Detector0Offset=57.813
DwellTime=0.00003200
EmissionCurrent=0.000211713995668
Gun=Schottky
GunShiftX=0.00000000
GunShiftY=0.00000000
GunTiltX=23.02199999
GunTiltY=-0.11200000
HV=10000.0
IMLCenteringX=12.72220386
IMLCenteringY=-8.91095044
ImageShiftX=0.00000000
ImageShiftY=0.00000000
LUTGamma=1.00000000
LUTMaximum=1.00000000
LUTMinimum=0.00000000
MTDScintillator=12000.0
OBJCenteringX=0.43244000
OBJCenteringY=8.95786153
OBJPreCenteringX=-2.36097051
OBJPreCenteringY=-2.82783434
PotentialMode=BrightBeam
PredictedBeamCurrent=0.000000000093
PrimaryDetectorGain=83.594
PrimaryDetectorOffset=57.813
SampleVoltage=0.0
ScanMode=UH-RESOLUTION
ScanRotation=0.00000000
ScanSpeed=6.00000000
SpecimenCurrent=-0.000000000049
SpotSize=0.0000000026
StageRotation=265.04500000
StageTilt=-0.00100000
StageX=0.0010562930
StageY=-0.0178352500
StageZ=0.0096687130
StigmatorX=-1.83270887
StigmatorY=3.58637881
TiltCorrection=0.00000000
TubeVoltage=8000.0
WD=0.009156068628855

