[MAIN]
AccFrames=1
AccType=
Company=
Date=2019-05-10
Description=
Device=S9152
FullUserName=Application developer
ImageStripSize=360
Magnification=14037.37851069
PixelSizeX=0.000000019701862
PixelSizeY=0.000000019701862
SerialNumber=117-0086
Sign=
SoftwareVersion=TESCAN Essence Version 0.9.8.0, build 2382
Time=15:16:19
UserName=*4
ViewFieldsCountX=1
ViewFieldsCountY=1

[SEM]
AcceleratorVoltage=10000.0
ApertureOptimization=1.00
BeamCurrent=0.000000000100
ChamberPressure=0.00073302
CrossFree=0
Detector=BSE Q4
Detector0=BSE Q4
Detector0Gain=87.500
Detector0Offset=54.375
DwellTime=0.00003200
EmissionCurrent=0.000048816000600
Gun=Schottky
GunShiftX=0.00000000
GunShiftY=0.00000000
GunTiltX=0.50000000
GunTiltY=-19.90000000
HV=10000.0
IMLCenteringX=9.86253683
IMLCenteringY=2.56989207
ImageShiftX=0.00000000
ImageShiftY=-0.00000000
InBeamExtractor=227.2
InBeamFBSEGrid=0.0
InBeamFBSEScintillator=0.0
InBeamScintillator=10000.0
LUTGamma=1.00000000
LUTMaximum=1.00000000
LUTMinimum=0.00000000
OBJCenteringX=-25.34110646
OBJCenteringY=-13.27173698
OBJPreCenteringX=5.59792251
OBJPreCenteringY=-1.83977424
PredictedBeamCurrent=0.000000000100
PrimaryDetectorGain=87.500
PrimaryDetectorOffset=54.375
SampleVoltage=0.0
ScanMode=ANALYSIS
ScanRotation=15.00000000
ScanSpeed=6.00000000
SpecimenCurrent=-0.000000000055
SpotSize=0.0000000071
StageRotation=247.00000000
StageTilt=0.00000000
StageX=0.0075976240
StageY=0.0123754670
StageZ=0.0092791340
StigmatorX=-2.11492755
StigmatorY=0.99401923
TiltCorrection=0.00000000
TubeVoltage=0.0
WD=0.009656437362631

